4134
4837
9394
4538
9808
4808
4847
4812
4809
9929
17816
17964
17633
9389
17638
9812
17431
17672
17621
7497
17799
17897
17785
17429
17923
17883
7641
17962
24400
17430
17623
24138
24445
23771
18118
18245
9814
24139
23724
17622
37963
9811
24407
24460
9308
17773
17968
38356
24547
24444
24416
23844
17896
9801
9802
23850
38019
18011
9298
9306
4835
9803
17969
23841
38381
37937
23851
18239
24147
23910
9939
24141
37958
38372
17772
24430
24422
24134
23911
38027
18022
37965
37941
45112
24137
23853
37943
17490
9807
45061
23842
23839
17428
9391
9809
17781
24403
10212
23849
17775
24427
45102
45062
38369
38342
38363
9535
24151
24495
24426
24424
17966
17739
38587
7638
18242
7576
24376
24311
24301
38378
38365
38361
38358
37970
37957
24143
23848
23840
17442
7640
37942
4859
9806
9406
24490
45101
24413
17457
9810
18241
38364
38380
24575
24489
37944
18344
45587
38375
4816
4815
45110
18243
9401
45071
24059
38564
23912
17777
4789
24409
45888
45866
38834
38057
23707
4843
4840
4839
9805
45576
45275
24425
24349
24348
24136
9800
